k_medium: 1
medium 0:
    eps = (8.85419e-12,0)
    mu = (1.25664e-06,0)
    k = (10,0)
    lambda = (0.628318,-0)
k_vec: -10 -0 -6.12324e-16
e0_H: 0 1 0
e0_V: 0 0 1
phi = 0
teta = 90
omega0 = 2.99793e+09
lambda0 = 0.628318
